
June
0
16
3
0
2
4
7
-1
-1
-1

Madison
1
23
4
1
6
24
21
13
2
-1
1
-1

Kevin
2
16
3
2
42
51
33
7
6
7

Louis
3
25
5
3
32
33
34
54
12
4
4
4
4
4

Sandy
4
19
5
4
14
19
25
29
31
5
1
2
2
1

Lily
5
14
5
5
41
15
29
0
7
0
1
2
3
4

Jordan
6
31
6
6
25
16
42
21
56
55
1
3
5
-1
13
-1

Julia
7
20
3
7
14
24
34
1
6
4

Mason
8
38
6
8
2
4
6
58
56
54
1
14
2
13
3
12

Henry
9
24
4
9
13
53
23
42
5
6
7
4

Max
10
13
6
10
38
27
19
59
27
22
1
9
14
10
2
5

Tyler
11
1
6
11
23
54
13
16
18
55
4
4
5
6
5
6

Charlie
12
90
6
12
23
15
49
48
3
5
12
6
2
1
1
1

Kai
13
15
6
13
13
53
38
9
19
24
1
14
2
2
2
1

Cynthia
14
33
6
14
1
55
56
57
58
59
9
10
11
12
13
14
