60
Arceus
0
0
120
120
120
120
4
25
64
65

Dunsparce
0
1
69
69
69
169
3
38
69
72

Beedrill
2
2
65
150
80
145
13
22
23
15

Volcarona
4
3
85
135
105
100
11
12
13
32

Zygarde
3
4
216
100
121
85
18
24
28
43

Yveltal
1
5
126
131
98
99
12
13
14
15

Vikavolt
7
6
77
145
90
43
61
57
26
8

Tatsugiri
5
7
68
120
95
82
47
45
41
30

Miraidon
7
8
100
135
115
135
56
4
61
36

Metagross
8
9
80
135
130
70
26
1
70
65

Nihilego
2
10
109
127
131
103
21
22
23
25

Lunala
8
11
137
137
107
97
64
66
67
71

Golisopod
5
12
75
125
140
40
55
44
47
31

Rayquaza
1
13
105
180
100
115
10
7
4
15

Ogerpon
6
14
80
120
96
110
51
49
50
54

Meowstic
8
15
74
83
81
104
54
66
68
72

Shaymin
6
16
100
120
75
127
48
55
43
64

Amoonguss
2
17
114
85
80
30
23
21
50
0

Talonflame
4
18
78
81
71
126
13
9
38
53

Infernape
4
19
76
104
71
108
36
38
27
64

Ninetales
4
20
73
81
100
100
7
39
32
68

Meloetta
8
21
100
128
128
90
64
66
67
68

Eevee
0
22
55
55
65
55
3
4
68
59

Wooper
5
23
95
85
85
35
41
46
26
72

Lapras
5
24
130
140
105
60
47
44
43
41

Meowscarada
6
25
76
110
70
123
53
49
52
54

Sandshrew
3
26
75
100
110
65
24
26
29
31

Cubone
3
27
60
80
110
45
35
28
24
22

Pachirisu
7
28
60
45
70
95
59
60
72
71

Electrode
7
29
60
80
80
150
3
17
58
57

Psyduck
5
30
80
95
80
85
41
46
43
44

Wailord
5
31
170
90
45
90
60
46
42
41
1

Magikarp
5
32
95
125
100
81
15
40
45
30

Charmander
4
33
78
159
111
100
37
39
34
15

Slowpoke
5
34
95
130
180
30
16
42
70
5

Gengar
2
35
60
170
95
130
21
22
70
20

Snorlax
0
36
160
110
110
30
1
5
24
27

Lickilicky
0
37
110
85
95
50
2
6
1
5

Kyogre
5
38
100
150
140
90
1
46
42
45

Piplup
5
39
84
111
101
60
46
42
45
41

Squirtle
5
40
79
135
115
78
40
45
5
27

Starmie
8
41
60
100
85
115
29
25
35
66

Skiploom
6
42
75
55
95
110
55
53
52
50

Oshawott
5
43
95
108
70
70
41
44
47
43

Gyarados
5
44
95
155
130
81
15
40
45
30

Pikachu
7
45
60
90
80
110
59
56
57
63

Garbodor
2
46
80
125
92
75
16
17
19
22

Toxapex
2
47
50
63
152
35
19
22
23
20

Alakazam
8
48
55
175
105
150
65
67
71
70

Trapinch
3
49
80
100
80
100
54
53
26
24

Gardevoir
8
50
68
165
135
100
64
66
59
70

Palossand
3
51
85
100
110
35
43
31
30
26

Camerupt
3
52
70
105
75
40
52
26
33
27

Mudkip
5
53
100
150
110
70
26
31
40
52

Toxtricity
7
54
75
147
80
102
57
61
60
17

Torterra
6
55
95
109
105
56
25
27
52
53

Noivern
1
56
85
97
80
123
2
9
11
12

Excadrill
3
57
110
135
65
88
26
29
30
31

Togekiss
1
58
85
120
115
80
9
11
12
13

Arcanine
4
59
90
110
80
95
34
36
37
39
